function cell = cell_PANA18650PF()
    
    cell = struct;

    cell.name = "Panasonic 18650PF";
    cell.mass = 0.048; % kg
    cell.vNom = 3.6; % Volts
    cell.ratedCapacity = 2.7; % Ah
    cell.maxCapacity = 2.9677; % Ah
    cell.minV = 2.944; % V
    cell.maxV = 4.2; % V
    
    cell.soc = [0.0309732534912414	0.112148568940303	0.193338784982545	0.274496519092438	0.355686721526832	0.437319848705482	0.518946174415630	0.600128266572823	0.681754592282971	0.762931268516798	0.844107944750625	0.925280565845851	1.00644913180248	1.08808089047640	1.16925351157162	1.25043967247526	1.33160551686236	1.41325089215833	1.49440998705299	1.57605807198833	1.65722122202158	1.73885163956087	1.82049700117180	1.90166151198982	1.98283548026197	2.06448493370203	2.14565484683557	2.22683017589248	2.30845650160263	2.38964128811366	2.47126489049940	2.55244834344135	2.63360878551293	2.71478411456984	2.79595537488030	2.87760619682509	2.95922978552578	3.04086291270443	3.12250556467599	3.20413596853023	3.28576909570888	3.36694442476579	3.44857347380035	3.52975285799586	3.61138870849892	3.69301638902875	3.77466039581999	3.85583030895354	3.93746615945660	4.01910064145493	4.10073104530917	4.18237642060514	4.26354227860008	4.34472437075728	4.42589022875222	4.50707096012465	4.58869183918597	4.66987663930485	4.75104791322316	4.83267967189708	4.91431824572455	4.99595272772288	5.07757905343303	5.15922850687309	5.24086163405174	5.32202342330024	5.40366744377653	5.48530328059454	5.56647726247453	5.64764581482331	5.72882250466498	5.81045154001449	5.89209283716637	5.97371507104738	6.05536316966777	6.13699492834169	6.21816620226000	6.29933340743186	6.38097605940342	6.46215409642201	6.54378177695184	6.62541218080608	6.70705755610205	6.78822070613531	6.86939738236914	6.95103323287220	7.03265955858235	7.11430219686886	7.19593804737192	7.27710390536686	7.35827652646209	7.43946132658097	7.52064071077648	7.60180926312525	7.68343968066454	7.76508231895106	7.84625088490768	7.92789081355483	8.00951986258939	8.09069788600014	8.17233645982761	8.25395870739366	8.33513538362749	8.41676306415732	8.49840707094856	8.57957969204379	8.66121554254685	8.74285411637432	8.82402808464646	8.90520070574169	8.98683518774002	9.06845743530608	9.15010824356582	9.23172776780747	9.31290985996466	9.39408248105989	9.47525374137035	9.55642230732697	9.63806223597412	9.71923214910767	9.80087615589891	9.88204201389385	9.96367241774809	10.0453177930441	10.1264849982159	10.2076684511579	10.2893029331562	10.3704782622131	10.4521045879233	10.5332772090185	10.6149157691609	10.6965420948711	10.7777241870283	10.8593559457022	10.9405326355439	11.0216984799310	11.1028751697726	11.1845137299151	11.2661427789496	11.3477895090653	11.4294226362439	11.5105830783155	11.5917692256113	11.6729432074913	11.7545763346699	11.8362121714879	11.9178425753422	11.9994825039893	12.0806443068457	12.1622856039976	12.2434555171311	12.3250968005979	12.4062626585929	12.4874379876498	12.5690792711166	12.6507151216197	12.7318904506766	12.8135194860261	12.8951553365292	12.9763374286863	13.0579651092162	13.1391363831345	13.2207681418084	13.3023985456626	13.3840466442830	13.4652111414932	13.5468510701404	13.6280155809584	13.7096595877496	13.7912981615771	13.8729271969266	13.9545576007808	14.0357329298378	14.1173701351605	14.1990059856636	14.2801813147205	14.3618198885479	14.4429803306195	14.5241515909300	14.6058037676944	14.6869682785125	14.7681503570618	14.8497726046279	14.9309465729000	15.0121286650572	15.0933053412910	15.1744657969705	15.2561057256176	15.3372878041670	15.4184523149850	15.4996371151039	15.5812715971022	15.6629006461368	15.7440664905238	15.8252485826810	15.9064252725227	15.9875951856563	16.0692242210058	16.1504009108474	16.2315721711579	16.3132189012736	16.3943901751919	16.4760246571902	16.5571878072235	16.6383604283187	16.7200085269391	16.8011824952112	16.8823469924214	16.9635196135166	17.0447017056738	17.1258675636687	17.2070482950412	17.2886827907246	17.3703104712544	17.4519490450819	17.5331297764543	17.6143010503726	17.6959273623977	17.7771081073780	17.8587453127007	17.9399192809729	18.0215551314759	18.1031801023664	18.1848241091576	18.2664504348678	18.3480957964787	18.4292630152584	18.5104410386691	18.5920687328840	18.6732481170795	18.7548744291046	18.8365157262565	18.9181543000840	18.9997847039382	19.0809505483253	19.1625932002969	19.2442195260070	19.3254029653411	19.4070388158442	19.4886705882032	19.5698391405519	19.6514722677306	19.7331081182337	19.8142780313672	19.8959098037262	19.9775551653371	20.0591828595520	20.1408282211629	20.2224640716659	20.3040999221690	20.3857248793744	20.4669029163930	20.5480714823496	20.6296991628795	20.7108771998981	20.7920619864091	20.8732305523657	20.9548677576885	21.0365008848671	21.1176775611009	21.1988461270576	21.2800106242677	21.3616505529149	21.4428245347949	21.5240025582056	21.6051711241622	21.6868137761338	21.7679931603293	21.8496167627151	21.9307974940875	22.0119687680058	22.0935950937159	22.1752404690119	22.2564103821455	22.3375775873173	22.4192229626133	22.5003861126465	22.5815627888804	22.6632067956716	22.7443848326902	22.8260043432468	22.9076429170743	22.9888263564084	23.0704581287674	23.1516199180158	23.2332652933118	23.3149038671393	23.3965301928494	23.4776987451982	23.5593318723769	23.6409704462043	23.7226117296712	23.8037870587281	23.8849637349619	23.9661404111957	24.0477708287350	24.1294080340578	24.2110343597679	24.2926674732615	24.3743060470890	24.4559296494747	24.5371157967705	24.6187434773003	24.6999228751037	24.7815532789579	24.8627285944070	24.9439052842487	25.0255302414541	25.1071783400745	25.1888060206043	25.2699705178145	25.3516145382908	25.4332558217576	25.5148794241433	25.5960561003772	25.6772341373958	25.7583999953907	25.8400344773890	25.9216757608559	26.0033088880345	26.0849420152132	26.1661187050548	26.2477504637288	26.3289149609389	26.4100997610578	26.4917369663806	26.5729041851603	26.6540916796330	26.7352467193890	26.8168812013874	26.8985252081786	26.9801515338888	27.0613282101226	27.1424927209406	27.2236842841598	27.3048568916472	27.3860295127424	27.4672034946224	27.5488434232695	27.6300119756183	27.7116464713017	27.7928109685119	27.8739944214538	27.9551738056493	28.0367946847107	28.1179727081214	28.1991453292166	28.2803206582735	28.3619565087766	28.4431277690871	28.5243098612442	28.6054865374781	28.6866537562578	28.7682841601120	28.8494648914845	28.9310952953387	29.0127325143465	29.0943656278401	29.1759987550187	29.2571646130137	29.3388127116341	29.4199677377823	29.5011484827625	29.5823386851969	29.6639704575559	29.7451322468044	29.8267817002445	29.9079394343544	29.9895698518937	30.0712193053337	30.1523851497208	30.2335645339163	30.3147303919113	30.3963757672072	30.4775429723791	30.5587115383357	30.6403650699199	30.7219954737741	30.8031586238074	30.8843298977257	30.9659725496972	31.0471384076922	31.1287837693031	31.2104223431306	31.2915827852022	31.3732199905249	31.4548639973161	31.5360217450339	31.6176671066448	31.6988343254245	31.7800204727203	31.8616386284572	31.9432812804288	32.0249212090759	32.1060978853098	32.1872705064050	32.2688995554396	32.3505272359694	32.4321739660850	32.5133465871803	32.5945246241989	32.6756864134473	32.7568603953273	32.8384962458304	32.9201280045043	33.0017747346200	33.0834010603301	33.1645804445256	33.2462176498484	33.3273956868670	33.4090220125771	33.4906578630802	33.5722923450785	33.6539309052209	33.7355504294626	33.8167271056964	33.8983616013798	33.9800042533513	34.0611674033846	34.1428168568247	34.2244486154986	34.3060830974969	34.3877066998827	34.4693561533227	34.5509784008888	34.6326169747162	34.7138004140504	34.7949568009833	34.8761267141169	34.9577693660884	35.0389392792220	35.1201146082789	35.2017599698898	35.2833808626362	35.3645602468317	35.4461879273615	35.5273673115570	35.6089990702310	35.6901825231729	35.7718129270272	35.8529923112227	35.9341622243562	36.0153375534131	36.0969733902311	36.1781473721111	36.2593213403833	36.3404926143016	36.4216638746120	36.5028432588075	36.5840212958261	36.6651844458594	36.7463624692701	